250 atoms
2 atom types

Masses

1 28.085
2 12.011

Atoms

1 1 0.0 0.0 0.0 # 28.085
2 2 2.1795 2.1795 0.0 # 12.011
3 1 0.0 0.0 7.556 # 28.085
4 2 2.1795 2.1795 7.556 # 12.011
5 1 0.0 0.0 15.112 # 28.085
6 2 2.1795 2.1795 15.112 # 12.011
7 1 0.0 0.0 22.668 # 28.085
8 2 2.1795 2.1795 22.668 # 12.011
9 1 0.0 0.0 30.224 # 28.085
10 2 2.1795 2.1795 30.224 # 12.011
11 1 0.0 4.359 0.0 # 28.085
12 2 2.1795 6.5385 0.0 # 12.011
13 1 0.0 4.359 7.556 # 28.085
14 2 2.1795 6.5385 7.556 # 12.011
15 1 0.0 4.359 15.112 # 28.085
16 2 2.1795 6.5385 15.112 # 12.011
17 1 0.0 4.359 22.668 # 28.085
18 2 2.1795 6.5385 22.668 # 12.011
19 1 0.0 4.359 30.224 # 28.085
20 2 2.1795 6.5385 30.224 # 12.011
21 1 0.0 8.718 0.0 # 28.085
22 2 2.1795 10.8975 0.0 # 12.011
23 1 0.0 8.718 7.556 # 28.085
24 2 2.1795 10.8975 7.556 # 12.011
25 1 0.0 8.718 15.112 # 28.085
26 2 2.1795 10.8975 15.112 # 12.011
27 1 0.0 8.718 22.668 # 28.085
28 2 2.1795 10.8975 22.668 # 12.011
29 1 0.0 8.718 30.224 # 28.085
30 2 2.1795 10.8975 30.224 # 12.011
31 1 0.0 13.077 0.0 # 28.085
32 2 2.1795 15.256499999999999 0.0 # 12.011
33 1 0.0 13.077 7.556 # 28.085
34 2 2.1795 15.256499999999999 7.556 # 12.011
35 1 0.0 13.077 15.112 # 28.085
36 2 2.1795 15.256499999999999 15.112 # 12.011
37 1 0.0 13.077 22.668 # 28.085
38 2 2.1795 15.256499999999999 22.668 # 12.011
39 1 0.0 13.077 30.224 # 28.085
40 2 2.1795 15.256499999999999 30.224 # 12.011
41 1 0.0 17.436 0.0 # 28.085
42 2 2.1795 19.6155 0.0 # 12.011
43 1 0.0 17.436 7.556 # 28.085
44 2 2.1795 19.6155 7.556 # 12.011
45 1 0.0 17.436 15.112 # 28.085
46 2 2.1795 19.6155 15.112 # 12.011
47 1 0.0 17.436 22.668 # 28.085
48 2 2.1795 19.6155 22.668 # 12.011
49 1 0.0 17.436 30.224 # 28.085
50 2 2.1795 19.6155 30.224 # 12.011
51 1 4.359 0.0 0.0 # 28.085
52 2 6.5385 2.1795 0.0 # 12.011
53 1 4.359 0.0 7.556 # 28.085
54 2 6.5385 2.1795 7.556 # 12.011
55 1 4.359 0.0 15.112 # 28.085
56 2 6.5385 2.1795 15.112 # 12.011
57 1 4.359 0.0 22.668 # 28.085
58 2 6.5385 2.1795 22.668 # 12.011
59 1 4.359 0.0 30.224 # 28.085
60 2 6.5385 2.1795 30.224 # 12.011
61 1 4.359 4.359 0.0 # 28.085
62 2 6.5385 6.5385 0.0 # 12.011
63 1 4.359 4.359 7.556 # 28.085
64 2 6.5385 6.5385 7.556 # 12.011
65 1 4.359 4.359 15.112 # 28.085
66 2 6.5385 6.5385 15.112 # 12.011
67 1 4.359 4.359 22.668 # 28.085
68 2 6.5385 6.5385 22.668 # 12.011
69 1 4.359 4.359 30.224 # 28.085
70 2 6.5385 6.5385 30.224 # 12.011
71 1 4.359 8.718 0.0 # 28.085
72 2 6.5385 10.8975 0.0 # 12.011
73 1 4.359 8.718 7.556 # 28.085
74 2 6.5385 10.8975 7.556 # 12.011
75 1 4.359 8.718 15.112 # 28.085
76 2 6.5385 10.8975 15.112 # 12.011
77 1 4.359 8.718 22.668 # 28.085
78 2 6.5385 10.8975 22.668 # 12.011
79 1 4.359 8.718 30.224 # 28.085
80 2 6.5385 10.8975 30.224 # 12.011
81 1 4.359 13.077 0.0 # 28.085
82 2 6.5385 15.256499999999999 0.0 # 12.011
83 1 4.359 13.077 7.556 # 28.085
84 2 6.5385 15.256499999999999 7.556 # 12.011
85 1 4.359 13.077 15.112 # 28.085
86 2 6.5385 15.256499999999999 15.112 # 12.011
87 1 4.359 13.077 22.668 # 28.085
88 2 6.5385 15.256499999999999 22.668 # 12.011
89 1 4.359 13.077 30.224 # 28.085
90 2 6.5385 15.256499999999999 30.224 # 12.011
91 1 4.359 17.436 0.0 # 28.085
92 2 6.5385 19.6155 0.0 # 12.011
93 1 4.359 17.436 7.556 # 28.085
94 2 6.5385 19.6155 7.556 # 12.011
95 1 4.359 17.436 15.112 # 28.085
96 2 6.5385 19.6155 15.112 # 12.011
97 1 4.359 17.436 22.668 # 28.085
98 2 6.5385 19.6155 22.668 # 12.011
99 1 4.359 17.436 30.224 # 28.085
100 2 6.5385 19.6155 30.224 # 12.011
101 1 8.718 0.0 0.0 # 28.085
102 2 10.8975 2.1795 0.0 # 12.011
103 1 8.718 0.0 7.556 # 28.085
104 2 10.8975 2.1795 7.556 # 12.011
105 1 8.718 0.0 15.112 # 28.085
106 2 10.8975 2.1795 15.112 # 12.011
107 1 8.718 0.0 22.668 # 28.085
108 2 10.8975 2.1795 22.668 # 12.011
109 1 8.718 0.0 30.224 # 28.085
110 2 10.8975 2.1795 30.224 # 12.011
111 1 8.718 4.359 0.0 # 28.085
112 2 10.8975 6.5385 0.0 # 12.011
113 1 8.718 4.359 7.556 # 28.085
114 2 10.8975 6.5385 7.556 # 12.011
115 1 8.718 4.359 15.112 # 28.085
116 2 10.8975 6.5385 15.112 # 12.011
117 1 8.718 4.359 22.668 # 28.085
118 2 10.8975 6.5385 22.668 # 12.011
119 1 8.718 4.359 30.224 # 28.085
120 2 10.8975 6.5385 30.224 # 12.011
121 1 8.718 8.718 0.0 # 28.085
122 2 10.8975 10.8975 0.0 # 12.011
123 1 8.718 8.718 7.556 # 28.085
124 2 10.8975 10.8975 7.556 # 12.011
125 1 8.718 8.718 15.112 # 28.085
126 2 10.8975 10.8975 15.112 # 12.011
127 1 8.718 8.718 22.668 # 28.085
128 2 10.8975 10.8975 22.668 # 12.011
129 1 8.718 8.718 30.224 # 28.085
130 2 10.8975 10.8975 30.224 # 12.011
131 1 8.718 13.077 0.0 # 28.085
132 2 10.8975 15.256499999999999 0.0 # 12.011
133 1 8.718 13.077 7.556 # 28.085
134 2 10.8975 15.256499999999999 7.556 # 12.011
135 1 8.718 13.077 15.112 # 28.085
136 2 10.8975 15.256499999999999 15.112 # 12.011
137 1 8.718 13.077 22.668 # 28.085
138 2 10.8975 15.256499999999999 22.668 # 12.011
139 1 8.718 13.077 30.224 # 28.085
140 2 10.8975 15.256499999999999 30.224 # 12.011
141 1 8.718 17.436 0.0 # 28.085
142 2 10.8975 19.6155 0.0 # 12.011
143 1 8.718 17.436 7.556 # 28.085
144 2 10.8975 19.6155 7.556 # 12.011
145 1 8.718 17.436 15.112 # 28.085
146 2 10.8975 19.6155 15.112 # 12.011
147 1 8.718 17.436 22.668 # 28.085
148 2 10.8975 19.6155 22.668 # 12.011
149 1 8.718 17.436 30.224 # 28.085
150 2 10.8975 19.6155 30.224 # 12.011
151 1 13.077 0.0 0.0 # 28.085
152 2 15.256499999999999 2.1795 0.0 # 12.011
153 1 13.077 0.0 7.556 # 28.085
154 2 15.256499999999999 2.1795 7.556 # 12.011
155 1 13.077 0.0 15.112 # 28.085
156 2 15.256499999999999 2.1795 15.112 # 12.011
157 1 13.077 0.0 22.668 # 28.085
158 2 15.256499999999999 2.1795 22.668 # 12.011
159 1 13.077 0.0 30.224 # 28.085
160 2 15.256499999999999 2.1795 30.224 # 12.011
161 1 13.077 4.359 0.0 # 28.085
162 2 15.256499999999999 6.5385 0.0 # 12.011
163 1 13.077 4.359 7.556 # 28.085
164 2 15.256499999999999 6.5385 7.556 # 12.011
165 1 13.077 4.359 15.112 # 28.085
166 2 15.256499999999999 6.5385 15.112 # 12.011
167 1 13.077 4.359 22.668 # 28.085
168 2 15.256499999999999 6.5385 22.668 # 12.011
169 1 13.077 4.359 30.224 # 28.085
170 2 15.256499999999999 6.5385 30.224 # 12.011
171 1 13.077 8.718 0.0 # 28.085
172 2 15.256499999999999 10.8975 0.0 # 12.011
173 1 13.077 8.718 7.556 # 28.085
174 2 15.256499999999999 10.8975 7.556 # 12.011
175 1 13.077 8.718 15.112 # 28.085
176 2 15.256499999999999 10.8975 15.112 # 12.011
177 1 13.077 8.718 22.668 # 28.085
178 2 15.256499999999999 10.8975 22.668 # 12.011
179 1 13.077 8.718 30.224 # 28.085
180 2 15.256499999999999 10.8975 30.224 # 12.011
181 1 13.077 13.077 0.0 # 28.085
182 2 15.256499999999999 15.256499999999999 0.0 # 12.011
183 1 13.077 13.077 7.556 # 28.085
184 2 15.256499999999999 15.256499999999999 7.556 # 12.011
185 1 13.077 13.077 15.112 # 28.085
186 2 15.256499999999999 15.256499999999999 15.112 # 12.011
187 1 13.077 13.077 22.668 # 28.085
188 2 15.256499999999999 15.256499999999999 22.668 # 12.011
189 1 13.077 13.077 30.224 # 28.085
190 2 15.256499999999999 15.256499999999999 30.224 # 12.011
191 1 13.077 17.436 0.0 # 28.085
192 2 15.256499999999999 19.6155 0.0 # 12.011
193 1 13.077 17.436 7.556 # 28.085
194 2 15.256499999999999 19.6155 7.556 # 12.011
195 1 13.077 17.436 15.112 # 28.085
196 2 15.256499999999999 19.6155 15.112 # 12.011
197 1 13.077 17.436 22.668 # 28.085
198 2 15.256499999999999 19.6155 22.668 # 12.011
199 1 13.077 17.436 30.224 # 28.085
200 2 15.256499999999999 19.6155 30.224 # 12.011
201 1 17.436 0.0 0.0 # 28.085
202 2 19.6155 2.1795 0.0 # 12.011
203 1 17.436 0.0 7.556 # 28.085
204 2 19.6155 2.1795 7.556 # 12.011
205 1 17.436 0.0 15.112 # 28.085
206 2 19.6155 2.1795 15.112 # 12.011
207 1 17.436 0.0 22.668 # 28.085
208 2 19.6155 2.1795 22.668 # 12.011
209 1 17.436 0.0 30.224 # 28.085
210 2 19.6155 2.1795 30.224 # 12.011
211 1 17.436 4.359 0.0 # 28.085
212 2 19.6155 6.5385 0.0 # 12.011
213 1 17.436 4.359 7.556 # 28.085
214 2 19.6155 6.5385 7.556 # 12.011
215 1 17.436 4.359 15.112 # 28.085
216 2 19.6155 6.5385 15.112 # 12.011
217 1 17.436 4.359 22.668 # 28.085
218 2 19.6155 6.5385 22.668 # 12.011
219 1 17.436 4.359 30.224 # 28.085
220 2 19.6155 6.5385 30.224 # 12.011
221 1 17.436 8.718 0.0 # 28.085
222 2 19.6155 10.8975 0.0 # 12.011
223 1 17.436 8.718 7.556 # 28.085
224 2 19.6155 10.8975 7.556 # 12.011
225 1 17.436 8.718 15.112 # 28.085
226 2 19.6155 10.8975 15.112 # 12.011
227 1 17.436 8.718 22.668 # 28.085
228 2 19.6155 10.8975 22.668 # 12.011
229 1 17.436 8.718 30.224 # 28.085
230 2 19.6155 10.8975 30.224 # 12.011
231 1 17.436 13.077 0.0 # 28.085
232 2 19.6155 15.256499999999999 0.0 # 12.011
233 1 17.436 13.077 7.556 # 28.085
234 2 19.6155 15.256499999999999 7.556 # 12.011
235 1 17.436 13.077 15.112 # 28.085
236 2 19.6155 15.256499999999999 15.112 # 12.011
237 1 17.436 13.077 22.668 # 28.085
238 2 19.6155 15.256499999999999 22.668 # 12.011
239 1 17.436 13.077 30.224 # 28.085
240 2 19.6155 15.256499999999999 30.224 # 12.011
241 1 17.436 17.436 0.0 # 28.085
242 2 19.6155 19.6155 0.0 # 12.011
243 1 17.436 17.436 7.556 # 28.085
244 2 19.6155 19.6155 7.556 # 12.011
245 1 17.436 17.436 15.112 # 28.085
246 2 19.6155 19.6155 15.112 # 12.011
247 1 17.436 17.436 22.668 # 28.085
248 2 19.6155 19.6155 22.668 # 12.011
249 1 17.436 17.436 30.224 # 28.085
250 2 19.6155 19.6155 30.224 # 12.011
